0.9971014492753624
0.9623188405797102
0.9971014492753624
1.0
0.9942028985507246
1.0
1.0
0.9188405797101449
1.0
0.991304347826087
1.0
0.9884057971014493
0.9884057971014493
0.9043478260869565
1.0
0.9623188405797102
0.991304347826087
0.9101449275362319
0.9942028985507246
0.8840579710144928
0.9304347826086956
0.9681159420289855
0.9652173913043478
1.0
1.0
1.0
0.9652173913043478
0.9101449275362319
0.9971014492753624
1.0
0.9797101449275363
0.9797101449275363
0.9971014492753624
0.9797101449275363
0.9594202898550724
